96708
96726
96745
96763
96766
96784
96802
96820
96838
96856
97702
97723
97741
97759
97779
97797
97799
97817
97835
97869
99094
99114
99132
99150
99168
99186
99205
99957
99977
99995
140
171
173
197
229
254
281
1623
1643
1661
1681
1699
1717
1735
1753
1755
1773
2168
2189
2207
2226
2230
2266
2284
2303
2323
2325
2491
2511
2529
2547
2566
2584
2602
2620
2642
2645
2763
2767
2801
2803
2821
2840
2858
2877
2895
2913
3013
3019
3022
3057
3075
3093
3111
3129
3147
3165
3984
4004
4022
4041
4063
4081
4100
4119
4137
4155
4298
4318
4336
4354
4372
4390
4408
4412
4446
4464
4582
4602
4620
4640
4658
4660
4695
4713
4731
4749
4837
4858
4876
4894
4912
4930
4948
4966
4985
5003
5144
5148
5184
5207
5226
5244
5262
5280
5298
5316
5461
5481
5500
5518
5536
5563
5603
5634
5659
5684
5747
5767
5785
5804
5823
5841
5861
5879
5881
5901
